246
-290
249
-295
-132
283
-125
293
-22
-58
-22
-54
-137
131
-135
129
144
-255
139
-263
-290
212
-295
212
-91
-62
-93
-65
-176
294
-180
291
262
-94
264
-101
-217
-63
-216
-62
-124
63
-135
59
-168
177
-183
167
-239
-217
-249
-213
176
-254
176
-263
-50
-19
-56
-25
252
-257
253
-266
-18
66
-18
63
22
-96
27
-105
-95
-209
-94
-214
180
22
186
16
-248
-219
-256
-219
-243
132
-246
128
144
-255
137
-259
18
-54
28
-63
245
297
252
297
-216
171
-223
172
257
213
251
218
-20
135
-22
140
214
98
223
98
99
-182
93
-178
134
20
145
27
96
123
95
137
-219
48
-213
57
18
280
15
290
-289
-185
-294
-175
-131
170
-137
178
252
255
253
258
252
-105
254
-97
132
-22
134
-19
-128
-308
-129
-295
69
-173
63
-179
181
209
177
215
-285
-138
-292
-137
-126
-136
-130
-140
-53
-132
-58
-132
287
285
295
293
169
-63
175
-57
47
211
62
217
24
-214
25
-216
215
-135
220
-130
-13
-297
-10
-287
-175
12
-170
17
-255
177
-242
176
-19
-18
-19
-24
216
-38
217
-34
174
128
179
138
-143
276
-128
297
-93
169
-94
177
-264
-101
-256
-97
-177
-130
-170
-140
57
11
61
10
-63
-179
-58
-174
294
160
300
169
128
-304
129
-290
59
49
71
56
91
-300
93
-296
287
-224
298
-224
257
198
266
209
173
205
179
212
-18
167
-20
173
-11
281
-12
292
137
-28
141
-23
-24
-220
-11
-221
135
-221
143
-215
249
9
257
16
-140
9
-133
23
173
18
179
18
255
40
258
57
178
274
182
292
10
-221
18
-212
48
-106
57
-99
102
126
110
130
-30
-227
-22
-217
-217
-64
-212
-53
248
-140
256
-144
104
161
108
171
-260
-210
-257
-213
-211
-130
-215
-136
223
248
228
244
169
-31
176
-23
282
-299
293
-306
-94
139
-89
140
65
-30
58
-21
-126
295
-127
293
-180
-293
-183
-296
-176
-240
-180
-252
105
177
111
169
221
15
216
12
-169
185
-164
179
24
104
28
90
-99
-213
-102
-208
294
50
300
42
-181
-131
-183
-140
-212
-127
-216
-122
296
121
299
126
-290
-205
-297
-199
-105
-249
-102
-263
146
182
149
171
-174
296
-170
289
-245
-8
-254
-22
173
180
177
182
-20
-181
-15
-185
-14
-250
-16
-255
-287
-292
-280
-302
99
23
102
13
-207
-59
-215
-61
287
67
297
63
261
-288
260
-292
212
-45
214
-56
134
250
143
257
-129
-291
-128
-295
-253
-60
-246
-66
-17
18
-20
14
-290
-145
-296
-141
138
-171
142
-180
-62
212
-56
219
250
-181
259
-184
-28
-205
-16
-215
-21
21
-17
18
100
290
106
293
-172
-138
-181
-139
60
298
67
293
-238
-30
-258
-24
100
-214
104
-219
-176
51
-179
53
-207
110
-207
104
-3
286
-12
280
221
-212
212
-213
146
170
144
180
66
139
67
138
134
-227
128
-221
-245
-47
-249
-45
307
283
302
276
-122
167
-136
178
30
247
29
250
97
-302
88
-296
-167
209
-170
213
-94
-137
-102
-139
-13
179
-14
180
-91
124
-100
127
-243
19
-251
22
-90
-142
-103
-140
-53
61
-54
62
28
5
23
17
182
-217
176
-217
299
-181
303
-178
-97
208
-91
217
-129
-27
-133
-23
33
-257
23
-256
61
291
65
295
-131
-64
-141
-67
-253
-106
-247
-95
95
-259
102
-260
172
-290
174
-290
137
282
149
285
96
88
103
98
59
170
68
170
257
168
256
172
30
277
28
296
252
123
253
133
22
245
26
263
178
166
173
172
257
235
258
251
21
-34
18
-12
142
-34
140
-19
104
-142
103
-135
-166
-104
-177
-99
223
-220
226
-216
292
-260
291
-259
-89
-299
-89
-289
138
48
142
53
-290
-142
-289
-135
28
206
26
212
-209
250
-215
251
252
-100
250
-109
-292
252
-293
258
-209
62
-214
60
136
-299
131
-302
96
-25
106
-18
21
-92
20
-95
-160
176
-164
175
-57
-105
-67
-100
-125
-55
-130
-54
-92
213
-96
219
66
96
63
91
-49
12
-61
16
-128
93
-135
104
107
208
102
205
-238
213
-248
218
24
-25
17
-24
-236
-65
-255
-56
104
211
102
212
108
-25
98
-18
170
-25
178
-13
-88
-137
-99
-141
-9
172
-19
180
216
-19
217
-23
219
-135
212
-131
-177
209
-175
210
212
217
210
215
-21
130
-21
139
-21
208
-25
216
217
52
215
56
-97
-60
-110
-50
176
249
178
255
184
-69
173
-58
-133
286
-135
290
226
-66
214
-56
-85
-301
-92
-295
-206
-67
-207
-64
214
-260
219
-253
290
-304
295
-300
-101
-100
-95
-93
-291
-61
-291
-54
207
-145
213
-145
-177
60
-174
61
-58
-134
-57
-135
293
212
301
208
-133
289
-132
293
-220
-208
-219
-215
-248
149
-249
145
-132
298
-125
290
-251
-87
-257
-100
102
223
104
215
149
217
141
213
298
-19
293
-22
12
-251
19
-253
-11
-242
-23
-249
140
-95
142
-102
-15
-134
-20
-131
140
12
140
16
-242
100
-246
102
-57
-66
-57
-58
-64
-254
-61
-255
258
207
266
205
-258
-289
-266
-284
261
60
266
47
-257
-171
-257
-176
-258
-121
-246
-134
-52
248
-47
250
-95
-136
-97
-128
94
-104
98
-112
-215
301
-207
296
-170
251
-182
250
-134
-255
-140
-257
297
62
295
58
174
64
180
60
291
179
297
178
-137
-22
-139
-11
-16
296
-14
291
-56
16
-61
18
61
-219
61
-219
-172
-59
-180
-64
299
-104
303
-100
173
-144
177
-128
54
52
69
57
-165
-212
-174
-221
-255
248
-253
249
222
64
210
60
93
135
99
141
213
-138
220
-126
211
18
213
26
-295
-105
-282
-103
-291
-186
-289
-189
297
-130
301
-131
215
97
212
101
125
252
140
254
-213
-259
-214
-259
55
137
62
134
181
-226
186
-220
-222
-296
-214
-289
-301
278
-291
282
-176
-183
-177
-179
216
91
222
96
122
177
130
184
-206
-76
-209
-70
-214
-65
-213
-60
178
289
177
288
176
-96
176
-99
-91
177
-98
171
221
-57
213
-61
-168
241
-179
247
-9
-258
-12
-259
66
-103
62
-99
64
14
59
15
-19
247
-18
255
70
18
58
16
176
160
177
178
72
172
62
175
-16
-33
-20
-24
-208
-21
-210
-15
141
211
140
208
-130
-141
-138
-132
300
201
302
210
210
-271
207
-262
-129
135
-126
145
205
-266
207
-263
140
249
152
252
-281
176
-287
190
188
85
179
92
-121
288
-125
299
172
-301
161
-297
215
39
223
48
140
-65
134
-61
-58
-27
-59
-21
17
-252
20
-259
170
-147
176
-142
52
-267
52
-262
-180
68
-169
68
-135
-178
-134
-179
296
21
296
21
-22
90
-20
94
12
-29
15
-27
-172
-105
-171
-101
-292
-125
-291
-137
-256
94
-248
90
-21
-215
-19
-221
-21
246
-14
259
215
-106
213
-107
-60
58
-55
61
94
-65
109
-61
256
19
251
21
257
281
267
289
109
165
103
179
96
-265
87
-260
-174
99
-174
104
263
-1
263
7
285
-36
298
-27
-126
248
-121
261
129
-234
133
-223
180
-33
182
-23
206
-38
219
-30
64
84
70
97
250
119
255
126
-288
22
-294
31
175
-118
170
-108
-183
-99
-178
-94
177
154
189
170
57
-150
57
-141
64
201
72
217
-170
98
-177
96
-88
-64
-96
-55
92
-151
97
-142
292
-257
291
-257
221
117
226
136
140
54
141
60
310
272
307
286
133
-306
124
-297
-57
-105
-54
-96
-211
212
-215
220
-279
134
-288
142
71
9
62
11
-197
211
-206
219
145
82
135
88
-283
142
-289
143
112
165
97
170
232
135
221
132
-8
289
-22
293
-11
-142
-24
-135
-128
-26
-131
-20
149
289
137
291
-207
139
-216
141
-160
56
-174
68
104
212
99
213
-9
174
-19
175
-212
131
-211
125
-160
-255
-181
-260
24
140
20
133
-285
86
-292
91
24
-96
22
-99
-17
93
-14
99
217
-57
217
-48
72
-259
71
-247
-21
218
-24
218
268
-255
263
-249
261
-124
268
-125
65
-215
71
-216
-128
-141
-130
-139
7
205
24
210
-254
-269
-248
-264
-230
247
-215
239
56
-60
61
-62
211
-210
223
-214
-60
-179
-47
-180
13
182
22
174
-18
-255
-15
-262
164
187
183
181
-217
166
-221
168
251
-57
257
-49
211
-20
216
-10
203
104
218
114
94
165
98
178
61
-294
69
-289
217
-139
222
-137
-132
14
-128
20
294
17
301
26
97
-217
100
-209
-64
166
-54
180
170
14
177
15
-18
-258
-19
-254
-299
214
-290
215
-169
167
-174
164
181
-260
171
-257
129
295
144
294
137
96
139
103
-176
-29
-172
-21
182
134
179
143
53
-253
57
-258
56
-60
66
-66
-250
216
-249
216
-96
-178
-98
-173
179
160
185
173
-211
54
-207
57
-209
-257
-210
-261
-138
-215
-140
-220
-53
257
-56
251
-289
-62
-293
-66
-18
-51
-19
-52
293
141
300
130
177
-103
178
-97
-99
-137
-100
-140
-96
146
-91
141
253
88
260
92
168
-295
178
-291
290
-31
297
-19
134
-294
136
-289
248
165
271
176
292
245
300
247
136
-144
139
-134
-179
13
-180
19
216
-304
219
-295
-258
-64
-253
-58
-178
98
-163
102
-70
-301
-61
-303
-256
-55
-248
-51
168
57
181
48
-210
179
-208
178
290
-136
295
-138
249
-254
261
-254
135
-169
142
-170
-63
106
-59
97
61
-59
76
-61
247
-257
247
-260
-291
146
-283
137
213
20
216
17
17
-16
28
-25
-28
-173
-19
-175
-174
-170
-166
-179
-66
-175
-54
-189
-209
27
-207
16
207
-297
220
-303
-175
223
-161
221
137
-62
135
-64
289
-56
297
-59
94
58
102
62
-260
-253
-250
-253
172
214
188
211
-296
-212
-294
-214
-63
-292
-56
-306
-254
-65
-250
-65
291
-282
303
-293
95
-63
117
-55
-104
-296
-91
-304
-299
57
-283
59
-139
133
-138
131
-142
20
-137
20
217
176
220
174
61
-294
57
-296
276
-20
296
-21
-166
253
-166
260
210
-296
210
-296
298
94
304
99
294
246
299
246
221
116
226
134
-29
-183
-24
-166
265
238
274
245
179
155
186
169
88
-222
98
-220
244
-31
254
-19
-157
244
-160
257
56
-268
50
-255
-62
-233
-54
-212
86
-181
94
-183
-12
245
-1
253
22
59
20
60
59
241
64
258
-135
13
-143
20
-19
82
-13
98
252
-218
255
-208
-248
250
-250
255
-297
-131
-290
-131
99
60
109
50
-259
-211
-253
-212
-140
-177
-133
-181
-24
-103
-21
-101
-138
-174
-133
-177
205
-96
215
-106
-255
219
-247
224
-17
-134
-25
-144
249
-100
255
-103
-104
-173
-99
-175
-252
-49
-253
-50
259
57
261
53
263
216
268
207
-123
137
-134
134
65
-96
58
-101
-285
-57
-288
-60
-10
-166
-16
-178
-59
-165
-49
-178
-95
141
-96
135
140
136
142
129
-134
-175
-132
-177
257
289
256
290
-13
-172
-23
-183
-20
136
-9
135
100
-97
100
-100
-285
189
-288
177
-127
217
-128
213
-130
-96
-140
-99
-98
-293
-107
-293
-247
-11
-245
-19
255
-177
248
-186
60
-139
61
-141
93
-298
90
-302
-137
-87
-136
-91
266
283
262
284
103
-64
98
-66
-180
-275
-177
-291
-57
223
-55
217
255
220
253
217
-209
-104
-206
-103
64
-287
65
-293
-169
176
-173
165
-249
300
-255
295
62
-218
63
-218
101
-91
108
-102
-18
255
-18
254
181
141
180
134
-211
16
-208
20
-286
-51
-296
-58
-214
254
-208
253
-123
-209
-136
-217
-130
-135
-130
-142
-169
-207
-176
-215
99
-175
90
-188
-194
225
-195
222
306
89
299
87
138
-176
136
-181
-290
185
-286
186
-244
-126
-262
-130
177
-97
176
-104
-283
-86
-290
-94
304
61
294
53
71
175
68
177
-52
-248
-55
-261
-251
-281
-259
-288
148
105
151
97
-175
148
-176
140
-203
-87
-216
-93
298
246
301
248
-205
183
-214
179
-57
-96
-58
-99
-204
183
-211
180
148
210
146
213
-244
66
-252
62
-241
24
-245
24
60
-99
54
-108
-52
-291
-63
-293
-93
177
-92
177
26
-141
22
-141
25
-62
18
-60
-246
-215
-258
-218
-133
-172
-131
-182
220
-58
217
-65
216
171
214
176
173
289
168
298
-198
169
-214
171
104
-257
95
-253
-125
-139
-127
-144
297
-207
305
-209
138
180
141
183
170
174
178
180
-17
168
-16
176
66
-26
66
-19
302
-253
303
-250
-86
-301
-86
-295
-262
283
-261
288
-135
168
-141
171
142
254
129
257
19
249
10
252
-160
206
-177
213
144
-29
139
-17
30
-174
21
-175
99
177
104
176
-246
-26
-251
-24
-198
132
-214
130
-42
132
-55
134
141
-221
134
-221
-162
258
-166
262
226
246
217
248
-207
51
-214
58
-277
-138
-292
-134
300
-180
289
-189
-127
169
-124
179
-278
-275
-304
-286
146
168
145
172
43
91
26
99
290
-38
286
-33
175
-303
166
-299
-244
112
-248
110
-147
227
-160
224
121
290
118
286
-156
-18
-173
-6
232
82
217
80
-270
103
-283
115
-102
-205
-112
-210
-111
183
-116
186
153
131
151
127
-119
-96
-141
-93
-4
109
-13
103
-271
217
-286
229
232
43
222
47
-164
101
-167
104
-90
-173
-106
-177
-39
294
-48
295
104
-140
86
-140
-243
222
-254
221
-226
261
-241
258
254
-229
249
-227
-61
-211
-62
-210
-197
304
-199
303
-193
180
-213
179
236
210
221
215
-43
-14
-66
-21
188
50
183
56
295
-262
287
-271
-82
221
-85
224
-168
-135
-179
-134
-237
256
-243
257
-124
-264
-143
-263
-285
-243
-293
-244
-14
45
-15
53
-92
-283
-101
-290
-9
174
-6
173
222
90
220
92
-44
210
-47
213
26
-216
11
-222
104
250
111
256
-200
-23
-212
-19
107
15
103
13
-131
-102
-139
-95
31
261
28
255
263
-32
247
-30
59
-251
59
-247
264
281
268
288
220
176
220
174
-201
208
-215
215
-204
127
-212
137
-203
-257
-219
-255
-88
290
-91
288
-41
172
-62
177
152
-112
142
-106
223
91
220
96
192
199
183
213
-3
249
-6
262
-52
-295
-63
-294
187
-222
170
-219
-4
207
-7
217
61
-184
47
-177
75
275
74
288
-84
289
-93
296
-272
250
-279
266
74
209
65
213
-85
91
-90
96
-208
-249
-226
-249
-233
220
-244
224
-124
57
-137
60
-163
93
-168
98
258
-230
248
-224
-233
142
-246
142
35
58
23
56
74
179
57
182
307
247
298
253
-78
-20
-99
-23
-120
-100
-136
-97
146
-145
139
-145
-125
17
-138
27
191
12
182
9
69
254
63
251
-87
-217
-98
-219
-14
295
-14
298
114
284
105
285
17
-61
14
-59
-126
213
-123
220
-14
64
-31
66
-272
174
-286
180
20
-176
11
-179
-205
-22
-212
-14
145
-23
135
-29
-164
217
-168
220
181
-65
177
-64
-173
-21
-176
-13
-126
-135
-126
-135
149
-252
140
-256
-238
-57
-248
-63
-245
-208
-255
-219
110
-95
95
-105
139
103
136
100
255
-18
254
-19
-96
-183
-96
-174
-213
252
-206
256
100
-17
99
-30
-173
139
-169
139
22
-103
17
-100
288
-147
295
-147
-297
177
-280
176
-169
291
-174
291
21
-68
20
-64
-132
-27
-134
-17
96
48
104
56
17
136
17
137
60
91
60
100
-173
248
-175
257
220
129
216
133
-129
165
-138
179
269
210
258
211
298
-36
293
-21
-51
-63
-54
-54
-14
-99
-27
-100
-125
-103
-130
-101
300
-117
289
-104
-288
-256
-295
-243
-92
63
-90
58
296
-32
302
-31
19
-20
17
-14
-15
245
-9
248
-249
-210
-264
-215
63
291
65
289
214
-174
208
-184
-167
181
-174
181
180
205
182
205
-169
59
-186
66
256
-300
258
-310
-290
28
-299
30
185
164
182
174
64
61
64
62
-168
26
-174
28
221
17
219
12
-14
91
-15
98
17
-170
10
-177
81
296
74
289
179
-295
174
-296
-49
-56
-57
-53
-138
-22
-131
-23
-91
-213
-97
-213
-178
-179
-173
-181
-167
98
-173
101
294
12
300
10
-60
-100
-60
-97
254
-184
254
-184
-181
-251
-179
-254
-58
64
-46
57
-176
-213
-179
-214
148
213
147
207
24
171
24
170
-290
-86
-294
-85
-13
290
-5
288
53
-174
54
-182
-182
-210
-180
-210
139
22
138
12
304
200
301
202
-20
-137
-22
-132
295
-31
299
-35
-252
-8
-253
-7
70
210
78
205
111
131
109
131
-281
148
-280
152
233
235
231
240
128
-301
126
-295
297
-226
295
-225
-100
-99
-94
-88
-90
-61
-95
-58
93
-182
97
-184
-18
-101
-14
-98
-95
49
-93
60
-211
-21
-218
-10
-16
132
-14
130
-215
-171
-218
-165
176
-177
176
-183
-18
213
-12
217
-277
66
-284
61
101
-98
96
-104
24
17
27
16
-248
148
-252
139
104
-257
95
-259
70
291
67
296
-51
60
-53
56
100
18
100
14
-124
173
-132
172
226
251
221
246
26
289
33
298
217
-30
218
-29
-55
-255
-59
-255
-10
-99
-13
-94
292
50
301
53
-209
57
-204
60
-242
-143
-255
-145
184
172
177
176
-173
-142
-175
-135
-172
-63
-171
-64
90
286
101
292
108
-55
103
-64
287
-135
297
-134
-173
-60
-168
-63
168
-21
180
-19
-87
-140
-90
-135
-64
-93
-58
-102
-241
-297
-244
-309
-59
-205
-57
-217
135
98
146
91
126
-294
134
-296
-217
32
-209
22
209
-22
210
-26
-93
99
-82
98
248
-301
256
-303
-257
-283
-258
-287
290
93
302
88
-58
293
-50
297
19
-255
19
-253
171
-134
180
-138
210
216
221
212
-91
-174
-97
-174
97
-287
95
-298
-94
-54
-93
-59
297
20
294
14
16
-103
24
-101
-99
-217
-95
-214
-252
20
-250
18
-241
300
-249
294
29
173
28
169
-215
-129
-225
-137
-159
254
-164
254
-12
-291
-21
-302
-50
-207
-49
-209
-241
-57
-251
-61
-156
301
-164
293
-82
-20
-98
-24
-120
68
-129
60
220
-29
216
-31
-289
-8
-293
-8
298
-23
294
-28
266
290
267
282
-277
219
-290
216
268
248
262
250
108
45
92
58
-161
-17
-176
-19
-278
-58
-290
-53
-18
177
-9
177
183
-109
171
-106
-83
214
-90
220
71
281
63
287
-92
131
-99
144
-88
47
-89
64
261
-221
251
-218
135
-145
140
-140
61
-141
61
-140
-7
128
-14
137
61
-111
54
-103
-242
218
-244
226
-134
-256
-144
-251
179
-72
181
-69
-252
-58
-252
-52
139
53
143
54
185
203
186
210
258
-184
252
-178
172
-228
169
-221
255
-69
262
-64
306
117
305
134
84
-263
91
-258
-247
143
-253
149
-280
297
-278
299
308
277
307
286
141
75
140
91
-212
63
-206
62
-12
171
-16
174
-157
218
-169
226
307
81
300
82
-287
-288
-298
-278
63
14
62
15
-124
98
-137
100
-251
-169
-258
-167
40
129
27
137
28
169
20
172
-47
54
-57
58
301
-221
297
-218
-131
20
-133
24
35
210
27
213
-159
254
-166
262
26
-179
20
-177
269
12
243
15
-197
96
-208
107
103
-262
99
-263
-253
-251
-248
-248
-206
97
-212
99
60
-251
57
-258
-284
145
-289
143
186
259
179
250
254
282
258
289
258
-97
252
-95
98
283
100
295
-201
260
-207
258
-14
-138
-21
-137
-17
-139
-19
-136
213
247
224
248
-252
-140
-260
-135
-92
-22
-95
-14
141
-107
143
-104
215
-67
221
-64
178
-298
179
-299
216
9
214
25
-88
290
-94
292
-291
-148
-291
-130
218
87
219
90
248
-30
260
-22
-138
-142
-139
-136
-91
56
-95
59
34
170
24
181
283
-305
289
-298
60
-148
63
-143
-259
-211
-254
-202
-120
64
-130
61
305
270
303
281
-204
217
-206
227
288
-1
292
5
-127
172
-132
187
220
167
217
172
225
246
224
248
99
-73
98
-61
-171
136
-165
134
-61
-22
-50
-23
-19
55
-26
54
225
232
222
254
21
130
25
139
-249
-191
-255
-175
57
168
64
177
35
162
29
173
256
-225
252
-225
-203
287
-208
299
-59
-148
-62
-143
-84
209
-93
217
-167
53
-178
64
-47
287
-56
294
221
-262
210
-260
299
95
297
103
145
280
149
289
231
-256
215
-248
-286
280
-289
295
182
215
176
218
303
-308
296
-290
-9
-29
-15
-13
248
250
252
253
-163
-190
-174
-173
288
262
286
271
180
-29
179
-21
-47
-224
-54
-210
101
164
98
163
-205
-60
-213
-58
-25
-71
-22
-64
-58
247
-60
257
-169
44
-175
55
189
-248
175
-257
67
241
61
255
-14
-182
-21
-184
183
210
182
221
300
130
292
131
-241
217
-246
225
-42
23
-61
24
103
-147
100
-137
177
-303
174
-297
97
-139
102
-137
-180
-207
-181
-215
-164
187
-164
178
115
96
97
94
104
92
99
93
-11
60
-22
55
-8
257
-12
259
-40
295
-52
297
-15
132
-15
135
-171
146
-170
141
-275
287
-289
291
148
-59
139
-60
-167
-189
-176
-176
-158
-291
-173
-288
76
-178
64
-181
-41
-291
-50
-295
-167
-292
-178
-295
-277
142
-286
133
227
288
216
292
259
-179
252
-176
261
288
266
296
-290
-98
-291
-101
-15
-92
-21
-96
-126
180
-128
169
69
175
62
171
-169
-183
-169
-182
22
137
15
142
219
286
217
289
-295
52
-296
58
67
293
66
297
70
-251
59
-252
-10
213
-7
217
254
-66
253
-60
-242
-181
-244
-171
139
134
134
128
33
-179
28
-168
298
-140
302
-140
29
-136
26
-132
56
-256
63
-260
-94
-17
-93
-17
252
181
256
165
-24
130
-12
147
211
171
217
171
-248
91
-253
96
-97
-102
-89
-101
-252
-173
-254
-183
-206
-256
-210
-260
-181
256
-171
247
289
-15
302
-16
-132
-137
-136
-142
-102
212
-94
211
-83
-208
-84
-214
215
-167
223
-171
261
-87
264
-94
100
-295
107
-295
265
-243
269
-249
173
103
179
108
-98
-54
-84
-61
95
-173
106
-180
-101
-173
-88
-184
-260
20
-249
15
-214
22
-206
12
11
-296
19
-297
-141
-292
-133
-301
14
-52
23
-62
-216
180
-207
179
-137
136
-136
135
-14
218
-11
218
247
-58
250
-65
-216
68
-214
70
301
63
295
52
252
-184
253
-179
55
-178
57
-176
54
-288
58
-295
63
-217
60
-211
220
-257
217
-265
138
-99
142
-98
182
284
187
283
-66
56
-55
60
-52
256
-56
258
-222
-101
-213
-97
-98
-284
-100
-295
67
13
60
16
-96
-250
-101
-252
217
-256
213
-258
183
134
181
130
-172
223
-168
220
115
138
104
134
183
288
183
296
-85
296
-89
300
-22
-98
-30
-97
-285
-91
-295
-97
29
-137
23
-140
-171
-90
-173
-100
-128
-16
-134
-22
-276
20
-289
9
74
25
63
12
-252
138
-263
131
-174
254
-178
245
-281
-64
-292
-66
-122
-242
-132
-267
-128
299
-138
286
-281
95
-294
79
161
-282
142
-296
265
-281
259
-290
-210
-127
-211
-138
-242
107
-247
93
34
-10
20
-21
184
-85
181
-103
-203
-170
-205
-189
-211
301
-221
288
179
291
167
294
68
-5
63
-11
63
261
57
249
-241
-291
-250
-297
-210
-17
-214
-19
-202
-282
-208
-295
-47
175
-55
174
223
27
216
12
-54
175
-59
181
-163
-256
-171
-263
287
112
301
110
-286
95
-295
88
-175
24
-170
14
-133
134
-130
130
-51
-208
-54
-215
67
-213
56
-217
-217
28
-211
17
-285
67
-291
59
103
-49
99
-59
257
59
260
64
20
-57
18
-64
-210
-131
-221
-128
-167
224
-164
217
148
-94
138
-104
-93
-130
-97
-134
138
-60
147
-64
256
-293
258
-293
-180
55
-168
55
138
-132
144
-135
-254
49
-243
54
-96
-211
-92
-211
255
14
259
18
-54
-253
-48
-255
172
96
180
101
-16
7
-17
21
-136
125
-132
140
-130
-216
-134
-218
99
187
97
186
136
130
140
140
28
214
24
219
263
289
266
302
179
-57
171
-55
261
91
263
97
263
-142
258
-133
260
202
263
216
106
275
106
295
-209
-151
-213
-126
-21
50
-17
57
-282
56
-290
74
267
242
271
245
186
194
181
209
-284
-132
-300
-129
-241
178
-242
183
21
-292
13
-293
-164
90
-174
98
-46
-29
-48
-22
-285
-27
-296
-24
-130
-64
-138
-60
29
292
18
293
225
129
225
132
260
253
253
255
273
93
254
98
66
-140
64
-132
-16
-209
-19
-212
-45
174
-56
177
-244
-98
-255
-94
190
-99
181
-100
143
245
138
262
217
120
218
138
95
-26
99
-20
-51
212
-52
219
25
132
25
134
-29
-59
-12
-58
-260
-241
-258
-249
145
292
153
295
208
-189
208
-191
-234
-135
-220
-124
-14
302
-10
296
286
158
299
167
-59
137
-49
136
55
14
61
22
176
54
179
52
-58
20
-62
17
-213
-258
-211
-252
-180
-203
-173
-212
52
-244
57
-259
218
173
225
168
-255
-289
-260
-287
-133
-8
-138
-27
-251
110
-246
105
249
-218
251
-231
-59
-205
-62
-211
136
256
141
245
-208
221
-214
220
71
251
68
253
-293
-247
-294
-237
257
-19
259
-39
-180
-287
-179
-290
29
-166
29
-179
138
-136
143
-145
-283
-240
-291
-255
218
-98
219
-107
-245
-133
-248
-141
-239
-96
-250
-101
-287
255
-289
254
141
145
136
134
-287
96
-297
96
300
69
304
60
298
-280
298
-287
141
181
144
179
140
183
130
178
-280
208
-288
211
-205
250
-227
244
31
96
15
90
-166
-20
-182
-26
-245
290
-257
287
-240
171
-256
171
-202
291
-217
284
-201
-252
-217
-254
-5
100
-21
99
185
-58
179
-61
33
55
16
65
88
287
77
297
68
-144
50
-139
-11
-179
-15
-181
-208
-175
-220
-179
-268
303
-281
294
151
168
136
172
-244
-57
-250
-53
137
-181
137
-181
-133
-290
-138
-296
-161
147
-173
141
-48
-8
-53
-16
73
215
65
212
234
206
221
207
97
-264
93
-260
-57
-289
-60
-292
-54
104
-51
100
-83
293
-90
292
109
250
103
245
-92
-175
-102
-173
182
139
181
140
-100
173
-96
182
-91
57
-98
53
-288
175
-289
174
63
-59
58
-65
31
20
23
17
-131
-143
-135
-138
147
-253
147
-254
103
-66
102
-57
-218
97
-208
99
22
16
25
15
-200
248
-206
259
180
-68
181
-64
-96
-15
-99
-12
16
-181
21
-174
295
-69
299
-57
259
2
260
7
-176
11
-170
30
-208
-174
-210
-173
288
-224
294
-226
159
239
160
250
286
-74
296
-62
262
156
267
160
-68
-172
-67
-165
30
247
36
252
-89
93
-91
97
-285
257
-287
264
262
78
260
83
224
155
217
177
101
10
105
19
176
130
183
138
172
-184
177
-178
-11
175
-6
173
-242
-17
-254
-11
180
-64
178
-59
29
241
25
255
-257
-291
-266
-289
-210
-137
-211
-130
-256
-48
-255
-55
-159
106
-168
101
261
213
264
203
25
-211
14
-213
297
136
302
141
-15
56
-20
58
64
-213
66
-214
-212
-293
-207
-291
63
-89
71
-100
19
-100
21
-105
-206
-214
-209
-216
17
97
23
99
255
-214
263
-216
-28
94
-9
98
-295
-273
-292
-283
60
251
68
246
-256
-49
-251
-53
23
21
20
17
-60
178
-54
172
94
-214
92
-212
251
-217
257
-210
252
56
267
65
-217
-174
-212
-166
302
244
311
241
89
-220
89
-218
136
-175
145
-179
298
161
301
173
255
-40
257
-22
-221
-294
-218
-280
-60
-215
-49
-222
-183
-132
-178
-136
-282
263
-283
257
137
-65
136
-64
226
206
228
210
175
88
176
101
-57
50
-50
66
214
-176
212
-180
-243
143
-241
141
23
-15
23
-18
-242
66
-249
60
187
210
188
215
308
112
295
122
-15
-18
-18
-25
-246
98
-248
107
-13
-286
-22
-292
105
171
109
174
-290
-288
-293
-284
-206
-18
-208
-24
-126
292
-127
297
171
-183
174
-179
259
247
267
251
-290
97
-299
99
-15
-296
-21
-298
-50
98
-49
97
-278
-287
-298
-289
304
170
309
166
-249
-96
-256
-94
105
25
96
26
-130
294
-129
292
62
-22
65
-24
-174
66
-169
60
145
26
137
18
58
60
62
59
182
-180
178
-180
215
137
225
139
-171
-291
-172
-299
63
-205
62
-217
-251
257
-248
260
-51
254
-53
252
-134
-24
-134
-21
-90
108
-95
100
95
10
96
18
21
-258
31
-250
249
-60
252
-64
-13
-207
-12
-213
175
-93
180
-97
-241
55
-247
60
60
62
62
67
295
19
302
17
-244
-290
-248
-295
-281
-170
-281
-183
297
-249
301
-252
-175
-139
-167
-141
143
-47
142
-59
-103
259
-96
252
-180
94
-177
92
142
-98
140
-95
56
-95
66
-96
-105
-14
-94
-30
-217
146
-206
138
-203
300
-207
297
252
133
259
125
-289
-172
-294
-167
17
-60
21
-56
173
-180
176
-183
127
-138
140
-140
-205
260
-204
260
179
-215
171
-224
176
89
184
98
139
55
142
55
98
-180
105
-176
85
-143
98
-139
-218
32
-214
23
103
207
109
215
57
-258
60
-254
244
-262
259
-260
91
-288
104
-295
284
15
296
20
-61
176
-51
179
132
95
140
100
-22
-213
-13
-214
205
-99
214
-97
-140
135
-137
146
51
88
69
103
-143
-293
-147
-291
137
12
150
21
290
-190
292
-188
-137
101
-128
101
29
20
29
14
-100
-61
-96
-64
-248
55
-249
62
-16
254
-11
248
-284
-177
-291
-176
21
105
26
99
258
253
257
250
26
-94
25
-105
-52
-14
-58
-22
186
24
174
23
-204
178
-214
177
-203
-90
-217
-99
-241
60
-245
63
-201
24
-214
11
-128
-127
-138
-141
-117
179
-131
174
-1
295
-16
291
-275
-205
-291
-220
-115
-205
-138
-216
191
-129
184
-149
-159
-237
-176
-252
-131
291
-127
285
-81
101
-96
96
29
16
23
16
-124
-212
-133
-219
-204
300
-207
288
308
-212
298
-215
-56
296
-55
299
-75
-249
-99
-261
-88
101
-91
100
147
221
146
212
-55
-136
-62
-136
-280
286
-284
291
-12
-250
-24
-257
68
215
62
215
-212
17
-212
16
-44
19
-56
18
300
-87
296
-92
-135
207
-143
213
258
61
252
70
-246
-146
-247
-144
252
146
255
138
-96
12
-97
16
-207
-18
-211
-22
-133
289
-134
294
147
-215
134
-219
-17
171
-7
171
-23
-254
-27
-248
258
40
269
44
45
-303
52
-296
18
-96
23
-94
219
162
231
172
108
209
110
209
206
-232
207
-224
-96
63
-87
70
279
-115
290
-114
-71
-253
-62
-235
-214
61
-205
68
133
-140
135
-139
-60
134
-51
143
186
250
193
259
251
-154
248
-145
-60
-62
-53
-52
218
285
221
293
-58
-94
-56
-88
260
4
260
7
-177
-94
-176
-87
290
-153
294
-147
-218
-291
-216
-284
114
286
115
294
97
-304
92
-299
-262
-136
-253
-126
-208
98
-203
96
-7
-19
-16
-15
296
171
291
169
-209
285
-212
296
-53
-65
-55
-59
252
256
249
259
-286
278
-295
291
-120
-217
-129
-219
183
137
180
149
102
137
94
137
-8
53
-16
62
-16
247
-26
257
74
248
56
257
222
10
222
22
34
-23
26
-10
106
-229
105
-217
-127
90
-134
106
-93
237
-98
249
-8
-298
-14
-298
103
292
100
298
186
53
177
66
177
169
175
176
-297
173
-297
179
28
97
19
98
20
174
18
182
-17
246
-20
255
69
10
59
23
154
-301
141
-295
219
-176
215
-167
-95
250
-91
254
64
209
66
213
300
210
296
212
215
128
213
144
-96
52
-97
59
-288
-262
-295
-254
-242
51
-245
57
301
-145
293
-143
-208
-298
-212
-285
258
-299
252
-300
292
-67
296
-61
23
89
28
104
216
91
220
97
87
56
99
57
-177
15
-171
26
185
247
178
253
23
-110
16
-95
-59
-249
-59
-255
-60
211
-49
209
-292
173
-296
176
-55
251
-61
249
146
-68
137
-56
-131
-23
-138
-22
-19
174
-18
180
169
176
180
179
176
22
175
30
182
92
178
100
-55
128
-58
138
183
-301
181
-292
-61
95
-55
110
142
284
134
287
-297
-262
-295
-250
-129
18
-133
22
27
285
19
299
-52
-146
-61
-138
218
-179
222
-172
296
55
296
58
169
-175
172
-175
303
242
306
252
62
-181
65
-169
178
-264
175
-256
-26
102
-16
103
-177
87
-181
97
-101
-256
-101
-251
172
291
182
290
-28
-179
-16
-171
174
291
186
290
286
-140
294
-139
-24
98
-14
101
211
58
221
57
-25
210
-14
217
-252
-188
-257
-175
-257
-177
-254
-190
-58
-255
-57
-252
174
-178
184
-187
57
18
72
16
61
55
62
54
140
-140
135
-140
183
217
192
213
-255
-218
-249
-213
59
-172
66
-185
-58
-254
-65
-250
-214
107
-216
107
255
252
265
254
135
-175
135
-173
250
248
266
262
136
-134
141
-135
-138
223
-130
218
-174
58
-178
56
-15
140
-22
139
222
-104
220
-100
-292
-291
-295
-286
100
-130
107
-140
-294
-57
-294
-57
-92
222
-89
214
213
105
217
93
-52
-214
-58
-216
175
-250
169
-254
-24
-247
-15
-253
90
-129
94
-142
-250
260
-242
254
172
299
167
290
-289
258
-291
259
-246
63
-257
55
17
-290
18
-293
212
-288
219
-296
-222
73
-203
63
53
-253
63
-259
-104
-15
-91
-15
-255
-170
-253
-179
63
-288
61
-294
252
-96
265
-100
250
-206
260
-208
16
103
25
94
-257
-286
-256
-289
-28
137
-16
127
-295
-135
-284
-144
52
-251
64
-254
292
-16
304
-18
-71
60
-56
61
-24
-19
-13
-18
59
-11
64
-16
290
-90
298
-95
13
-100
27
-97
176
144
178
143
212
51
217
53
57
-101
63
-100
-184
-248
-178
-256
214
133
219
133
294
284
302
293
-251
-57
-250
-60
251
-295
254
-294
249
-61
252
-52
-256
213
-245
221
-136
134
-136
136
-175
-138
-179
-139
18
-52
21
-58
136
23
140
23
135
136
143
134
-56
242
-55
257
-216
-290
-228
-290
-84
181
-89
174
-137
-178
-125
-178
-64
-186
-44
-187
-212
-23
-210
-18
202
166
209
174
-217
166
-218
182
-179
286
-181
295
222
-297
224
-297
169
-67
180
-59
135
-210
140
-213
285
216
292
223
-281
91
-289
97
255
290
258
296
-235
-149
-257
-142
110
-138
104
-131
294
-19
297
-16
-216
246
-218
257
217
205
215
214
180
169
173
174
-168
-188
-179
-183
105
-58
105
-54
258
-148
255
-134
97
168
103
182
28
281
24
291
-174
-141
-177
-134
-201
91
-211
101
218
-101
212
-99
-48
247
-52
262
-16
-25
-19
-20
26
248
23
256
-126
-220
-139
-229
-236
176
-258
176
233
209
221
209
297
55
290
65
69
172
62
175
-81
-140
-100
-130
26
288
19
299
111
52
95
61
-280
-62
-291
-61
38
-58
21
-61
72
255
61
258
106
-66
96
-57
22
281
16
301
101
50
105
57
-162
-214
-182
-221
-280
288
-296
289
-275
132
-287
140
180
206
170
212
234
286
218
299
-281
217
-298
220
-157
-105
-168
-101
-7
258
-13
262
-5
8
-13
18
220
-177
216
-174
-200
24
-215
22
-83
60
-101
61
-184
255
-201
258
128
-260
125
-263
-123
138
-126
139
-126
-7
-136
-18
-117
179
-133
180
114
138
104
135
111
248
102
249
69
-22
60
-23
-212
-245
-222
-249
-283
-8
-290
-15
184
-14
182
-17
33
-213
23
-214
217
-46
222
-55
-90
-253
-94
-256
216
185
219
182
57
137
58
135
-49
-170
-46
-179
-210
-61
-214
-63
-278
-240
-287
-265
-180
172
-178
173
64
183
62
170
-299
292
-297
285
-250
260
-252
255
289
186
287
178
-88
-174
-93
-173
286
106
296
87
-204
-43
-212
-53
-20
-9
-22
-21
-48
26
-59
20
218
-63
221
-62
-102
-176
-98
-178
-208
-205
-213
-211
-296
-245
-294
-245
-14
-205
-15
-225
-179
-51
-172
-54
250
-253
255
-265
253
-94
257
-96
-102
-169
-98
-181
-108
-7
-92
-13
137
253
136
253
-216
-206
-211
-218
97
-203
102
-214
15
31
24
23
-63
100
-56
96
18
-167
24
-171
-60
107
-54
93
-210
73
-210
61
137
-249
134
-263
294
-246
303
-259
-98
64
-88
62
141
-8
138
-18
96
298
103
293
-257
-285
-254
-288
173
-213
180
-220
-293
27
-283
26
55
55
63
52
-105
-246
-95
-251
-66
174
-59
176
-56
18
-54
20
-61
-176
-57
-178
-59
-286
-44
-289
-141
-249
-132
-261
-215
-86
-208
-101
-142
62
-131
53
-141
-203
-131
-210
289
52
302
49
-172
-168
-178
-168
254
140
270
130
252
-179
250
-177
189
251
185
249
295
90
300
86
-18
139
-17
150
98
56
109
53
256
-63
254
-61
18
-298
18
-294
-217
-20
-211
-18
250
168
264
176
179
-261
176
-251
-63
-228
-51
-214
135
-297
141
-293
127
212
143
220
-130
293
-126
293
-179
61
-171
62
-253
-295
-255
-296
292
289
292
293
255
198
257
207
-298
-247
-292
-246
-212
-210
-216
-217
251
-94
257
-106
-281
178
-282
183
15
-254
14
-260
110
256
113
258
-18
172
-22
182
182
177
181
176
-214
241
-211
257
-52
-291
-63
-297
57
-171
60
-175
-208
257
-213
255
259
61
246
59
70
95
62
106
-20
-23
-17
-23
24
-101
26
-97
-295
-250
-294
-252
-170
293
-174
296
103
288
94
290
-89
92
-95
100
254
-262
249
-258
-16
99
-20
104
140
49
140
49
21
62
22
71
207
-111
221
-116
-145
-245
-147
-245
187
43
189
44
11
-259
1
-248
-196
299
-194
304
193
-307
202
-307
-63
-57
-57
-52
136
-23
137
-25
-44
294
-47
302
304
272
300
287
289
-105
292
-95
57
172
68
179
-94
-294
-96
-295
-57
98
-53
98
-139
49
-138
57
26
-255
25
-261
-101
17
-103
22
58
22
59
26
283
296
289
300
-21
-59
-21
-58
50
216
60
220
-61
129
-62
142
-289
-69
-295
-64
-57
130
-61
136
-49
-99
-61
-95
169
-64
173
-61
-129
-253
-130
-253
-98
132
-97
131
296
-131
304
-129
214
-58
218
-60
98
-179
102
-172
62
-18
56
-13
216
-135
214
-135
171
93
183
104
-141
-178
-133
-181
92
26
100
18
96
248
95
254
101
-100
105
-96
-138
-97
-137
-94
254
-174
262
-172
251
12
259
21
90
-293
98
-290
16
-51
14
-54
-283
217
-277
222
254
-189
248
-184
-216
-172
-211
-168
-64
-133
-64
-138
-288
260
-288
259
-276
264
-288
259
-128
-96
-144
-99
28
259
25
252
-287
-95
-307
-95
79
296
59
290
-289
-52
-298
-55
-90
-210
-101
-218
181
217
176
216
-83
-15
-94
-13
144
-215
134
-217
-122
293
-134
300
-110
-123
-123
0
